REPONSE QUESTION 4
Temps : 5 ms
Chemins : [[30, 3, 1, 7, 31], [30, 4, 2, 9, 31], [30, 6, 11, 15, 31], [30, 17, 12, 26, 31], [30, 18, 10, 16, 31], [30, 19, 25, 29, 31], [30, 21, 13, 28, 31]]
Temps de vie total : 2

REPONSE QUESTION 12
Chemins et temps d'allumage : 
{[30, 4, 2, 29, 31]=[0], [30, 17, 11, 5, 16, 31]=[0, 1, 2], [30, 18, 12, 0, 16, 31]=[7, 8, 9], [30, 17, 11, 14, 28, 31]=[3], [30, 6, 3, 2, 29, 31]=[1, 2], [30, 17, 11, 13, 16, 31]=[3], [30, 18, 11, 1, 9, 31]=[4, 5, 6], [30, 17, 11, 1, 9, 31]=[0, 1, 2, 3], [30, 18, 11, 13, 16, 31]=[4, 5, 6], [30, 17, 3, 2, 29, 31]=[4, 5, 6, 7, 8, 9], [30, 19, 11, 5, 9, 31]=[7, 8, 9]}
Temps de vie total : 10
Temps : 16 ms
